99916
815501
4404248
4404210
255981
293035
1078678
1754360
3787639
4473117
11002721
11002761
11318633
12473872
12674144
12915403
12915384
12915344
12938543
12938414
3099979
6883815
8562897
9587588
10146934
10146862
10146778
10146769
10146697
10484555
11991358
2360834
17161677
993924
5268261
5900741
8725834
13066863
1240451
1240718
8420943
8420931
8420794
10307957
10307988
10760504
5674403
11485781
257305
518524
2072458
2072466
2178088
2178072
2178044
2178041
2178034
2227518
3563385
1063154
2161954
2161950
9354670
